function cor = mcolorMap()
  cor =  [2.6700e-01   4.8743e-03   3.2942e-01
  2.7265e-01   2.5846e-02   3.5337e-01
  2.7711e-01   5.0914e-02   3.7624e-01
  2.8036e-01   7.4201e-02   3.9790e-01
  2.8239e-01   9.5954e-02   4.1825e-01
  2.8320e-01   1.1689e-01   4.3718e-01
  2.8281e-01   1.3735e-01   4.5460e-01
  2.8123e-01   1.5748e-01   4.7043e-01
  2.7852e-01   1.7735e-01   4.8465e-01
  2.7474e-01   1.9697e-01   4.9725e-01
  2.6998e-01   2.1633e-01   5.0825e-01
  2.6437e-01   2.3540e-01   5.1773e-01
  2.5803e-01   2.5416e-01   5.2578e-01
  2.5110e-01   2.7257e-01   5.3252e-01
  2.4373e-01   2.9062e-01   5.3810e-01
  2.3607e-01   3.0829e-01   5.4265e-01
  2.2826e-01   3.2559e-01   5.4634e-01
  2.2042e-01   3.4252e-01   5.4929e-01
  2.1267e-01   3.5910e-01   5.5164e-01
  2.0508e-01   3.7537e-01   5.5349e-01
  1.9772e-01   3.9134e-01   5.5495e-01
  1.9063e-01   4.0706e-01   5.5609e-01
  1.8382e-01   4.2256e-01   5.5695e-01
  1.7727e-01   4.3789e-01   5.5758e-01
  1.7096e-01   4.5306e-01   5.5797e-01
  1.6483e-01   4.6813e-01   5.5814e-01
  1.5885e-01   4.8312e-01   5.5806e-01
  1.5295e-01   4.9805e-01   5.5768e-01
  1.4713e-01   5.1296e-01   5.5697e-01
  1.4140e-01   5.2785e-01   5.5586e-01
  1.3583e-01   5.4275e-01   5.5429e-01
  1.3058e-01   5.5765e-01   5.5218e-01
  1.2590e-01   5.7256e-01   5.4945e-01
  1.2216e-01   5.8748e-01   5.4602e-01
  1.1987e-01   6.0238e-01   5.4183e-01
  1.1963e-01   6.1727e-01   5.3680e-01
  1.2205e-01   6.3211e-01   5.3085e-01
  1.2767e-01   6.4688e-01   5.2392e-01
  1.3683e-01   6.6156e-01   5.1597e-01
  1.4964e-01   6.7612e-01   5.0692e-01
  1.6597e-01   6.9052e-01   4.9675e-01
  1.8554e-01   7.0473e-01   4.8541e-01
  2.0803e-01   7.1870e-01   4.7287e-01
  2.3313e-01   7.3241e-01   4.5911e-01
  2.6053e-01   7.4580e-01   4.4410e-01
  2.9000e-01   7.5885e-01   4.2783e-01
  3.2133e-01   7.7150e-01   4.1029e-01
  3.5436e-01   7.8371e-01   3.9149e-01
  3.8893e-01   7.9545e-01   3.7142e-01
  4.2493e-01   8.0667e-01   3.5010e-01
  4.6225e-01   8.1734e-01   3.2754e-01
  5.0075e-01   8.2741e-01   3.0380e-01
  5.4034e-01   8.3686e-01   2.7892e-01
  5.8086e-01   8.4566e-01   2.5300e-01
  6.2217e-01   8.5382e-01   2.2622e-01
  6.6409e-01   8.6132e-01   1.9888e-01
  7.0640e-01   8.6821e-01   1.7149e-01
  7.4889e-01   8.7452e-01   1.4504e-01
  7.9127e-01   8.8035e-01   1.2129e-01
  8.3330e-01   8.8578e-01   1.0333e-01
  8.7472e-01   8.9095e-01   9.5351e-02
  9.1530e-01   8.9597e-01   1.0047e-01
  9.5484e-01   9.0101e-01   1.1788e-01
  9.9325e-01   9.0616e-01   1.4394e-01];
 end